[gd_scene load_steps=13 format=3 uid="uid://cgbgfdgmfvr78"]

[ext_resource type="Script" path="res://scene.gd" id="1_dij8n"]
[ext_resource type="Shader" path="res://depth_map.gdshader" id="1_uo68q"]

[sub_resource type="CylinderMesh" id="CylinderMesh_nv4wq"]

[sub_resource type="StandardMaterial3D" id="StandardMaterial3D_eu0sx"]
albedo_color = Color(0.470588, 0, 0.0392157, 1)

[sub_resource type="PlaneMesh" id="PlaneMesh_b6xul"]
size = Vector2(10, 10)

[sub_resource type="StandardMaterial3D" id="StandardMaterial3D_nnkt6"]
albedo_color = Color(0, 0.14902, 0.368627, 1)

[sub_resource type="PhysicalSkyMaterial" id="PhysicalSkyMaterial_yy2o1"]
turbidity = 0.0
ground_color = Color(1, 1, 1, 1)
use_debanding = false

[sub_resource type="Sky" id="Sky_vml70"]
sky_material = SubResource("PhysicalSkyMaterial_yy2o1")

[sub_resource type="Environment" id="Environment_gp0m8"]
background_mode = 2
sky = SubResource("Sky_vml70")

[sub_resource type="ShaderMaterial" id="ShaderMaterial_kfxn4"]
render_priority = 0
shader = ExtResource("1_uo68q")

[sub_resource type="QuadMesh" id="QuadMesh_am7tg"]
material = SubResource("ShaderMaterial_kfxn4")
flip_faces = true
size = Vector2(2, 2)

[sub_resource type="ViewportTexture" id="ViewportTexture_ljltx"]
viewport_path = NodePath("SubViewport")

[node name="scene" type="Node3D"]
script = ExtResource("1_dij8n")

[node name="cylinder" type="MeshInstance3D" parent="."]
transform = Transform3D(1, 0, 0, 0, 1, 0, 0, 0, 1, 0, 0.985078, 0)
layers = 524289
mesh = SubResource("CylinderMesh_nv4wq")
surface_material_override/0 = SubResource("StandardMaterial3D_eu0sx")

[node name="plane" type="MeshInstance3D" parent="."]
layers = 524289
mesh = SubResource("PlaneMesh_b6xul")
surface_material_override/0 = SubResource("StandardMaterial3D_nnkt6")

[node name="Camera3D" type="Camera3D" parent="."]
transform = Transform3D(1, 0, 0, 0, 0.91095, 0.412516, 0, -0.412516, 0.91095, 0, 2.16416, 2.84432)
cull_mask = 262143
current = true

[node name="OmniLight3D" type="OmniLight3D" parent="."]
transform = Transform3D(1, 0, 0, 0, 0.91095, 0.412516, 0, -0.412516, 0.91095, 0, 2.16416, 3.0725)
light_energy = 3.078
light_size = 0.01
light_cull_mask = 4294180863
shadow_enabled = true

[node name="DirectionalLight3D" type="DirectionalLight3D" parent="."]
transform = Transform3D(-0.215178, -0.571138, 0.792149, -0.29187, 0.811686, 0.505942, -0.931939, -0.122337, -0.341355, 3.55354, 3.08697, -4.42038)
light_cull_mask = 4294180863
shadow_enabled = true

[node name="SubViewport" type="SubViewport" parent="."]
transparent_bg = true
size = Vector2i(384, 216)
render_target_update_mode = 4

[node name="Camera3D" type="Camera3D" parent="SubViewport"]
transform = Transform3D(1, 0, 0, 0, 0.91095, 0.412516, 0, -0.412516, 0.91095, 0, 2.16416, 2.84432)
cull_mask = 786432
environment = SubResource("Environment_gp0m8")
current = true

[node name="MeshInstance3D" type="MeshInstance3D" parent="SubViewport/Camera3D"]
transform = Transform3D(1, 0, 0, 0, 1, -2.98023e-08, 0, 2.98023e-08, 1, 0, 0, 0)
visible = false
layers = 786432
cast_shadow = 0
extra_cull_margin = 16384.0
mesh = SubResource("QuadMesh_am7tg")
skeleton = NodePath("../../../Camera3D")

[node name="TextureRect" type="TextureRect" parent="."]
visible = false
offset_right = 512.0
offset_bottom = 512.0
texture = SubResource("ViewportTexture_ljltx")
